7.02 -12.0 0.0
5.924645123265627 -10.876747007339647 -0.1844879273920284
4.8292902465312535 -9.753494014679294 -0.3689758547840568
3.7339353697968805 -8.630241022018941 -0.5534637821760853
2.6385804930625074 -7.506988029358588 -0.7379517095681136
1.543225616328134 -6.383735036698235 -0.9224396369601422
0.44787073959376134 -5.260482044037882 -1.1069275643521705
0.3354265904717324 -3.490994121147166 -1.308274454504865
0.22298244134970346 -1.7215061982564492 -1.5096213446575595
1.4498924162324915 -1.5606018169402678 -1.948453542561925
2.6768023911152796 -1.3996974356240866 -2.3872857404662904
3.903712365998068 -1.238793054307905 -2.8261179383706563
5.047694077161987 -1.114215375856741 -3.0570597476106642
6.191675788325905 -0.9896376974055772 2.9951837503289136
7.773718234060966 -0.9859209230237973 2.967927659778028
9.355760679796028 -0.9822041486420175 2.9406715692271432
10.937803125531087 -0.9784873742602377 2.913415478676258
12.51984557126615 -0.9747705998784579 2.8861593881253724
14.101888017001208 -0.9710538254966781 2.8589032975744875
15.68393046273627 -0.9673370511148982 2.831647207023602
17.26597290847133 -0.9636202767331185 2.8043911164727167
18.848015354206392 -0.9599035023513386 2.7771350259218313
20.43005779994145 -0.9561867279695588 2.7498789353709463
22.012100245676514 -0.952469953587779 2.722622844820061
22.421635663788347 -0.975186859433795 2.716059134922047
22.642570234175828 -2.4971944785842872 2.6314164192706095
22.86350480456331 -4.019202097734779 2.546773703619172
23.08443937495079 -5.541209716885271 2.4621309879677344
23.30537394533827 -7.0632173360357635 2.377488272316297
23.526308515725752 -8.585224955186256 2.29284555666486
23.74724308611323 -10.107232574336747 2.2082028410134225
23.96817765650071 -11.62924019348724 2.123560125361985
24.18911222688819 -13.151247812637731 2.038917409710548
24.410046797275673 -14.673255431788224 1.95427469405911
24.630981367663153 -16.195263050938717 1.8696319784076727
24.851915938050634 -17.717270670089206 1.7849892627562354
25.072850508438115 -19.2392782892397 1.7003465471047978
24.22932090805356 -20.440895272427234 1.6849087469705817
23.385791307669002 -21.64251225561477 1.6694709468363653
22.542261707284446 -22.844129238802303 1.6540331467021492
21.013885694247126 -22.892652559105194 1.6880213341388246
19.485509681209805 -22.941175879408085 1.7220095215755
17.95713366817249 -22.98969919971098 1.7559977090121752
16.42875765513517 -23.03822252001387 1.7899858964488506
14.900381642097848 -23.086745840316762 1.823974083885526
13.37200562906053 -23.135269160619657 1.8579622713222013
11.843629616023211 -23.18379248092255 1.8919504587588767
10.31525360298589 -23.23231580122544 1.925938646195552
8.726231252795905 -23.196892727237735 1.9581514906614697
7.137208902605922 -23.161469653250027 1.9903643351273872
5.548186552415936 -23.126046579262322 2.0225771795933047
3.959164202225952 -23.090623505274614 2.0547900240592223
2.3701418520359665 -23.05520043128691 2.08700286852514
0.781119501845982 -23.0197773572992 2.1192157129910574
-0.8079028483440034 -22.984354283311497 2.151428557456975
-2.396925198533987 -22.94893120932379 2.183641401922892
-3.9859475487239724 -22.913508135336084 2.21585424638881
-5.574969898913958 -22.87808506134838 2.248067090854727
-7.163992249103945 -22.84266198736067 2.280279935320645
-8.753014599293927 -22.807238913372966 2.312492779786562
-10.342036949483912 -22.77181583938526 2.3447056242524797
-11.931059299673898 -22.736392765397554 2.3769184687183973
-13.520081649863883 -22.700969691409846 2.409131313184315
-15.109104000053865 -22.66554661742214 2.4413441576502324
-16.69812635024385 -22.630123543434433 2.47355700211615
-18.287148700433836 -22.594700469446728 2.5057698465820675
-19.491530251089145 -22.14107863232764 2.509611007262148
-20.94890273016505 -21.12932207963367 2.488099651246359
-22.406275209240953 -20.1175655269397 2.4665882952305704
-23.86364768831686 -19.105808974245733 2.445076939214782
-25.32102016739276 -18.094052421551762 2.4235655831989935
-26.778392646468667 -17.08229586885779 2.402054227183205
-28.23576512554457 -16.07053931616382 2.3805428711674166
-29.693137604620475 -15.05878276346985 2.359031515151628
-31.15051008369638 -14.047026210775881 2.337520159135839
-32.60788256277228 -13.03526965808191 2.3160088031200505
-34.06525504184819 -12.02351310538794 2.294497447104262
-35.52262752092409 -11.01175655269397 2.2729860910884736
-36.98 -10.0 2.251474735072685