7.02 -12 0 
6.89544 -11.866 1.86332 
1.95312 -7.73101 2.36798 
0.650958 -3.69977 0.990689 
2.2908 -0.798587 0.0803366 
14.2483 -0.798112 0.112995 
19.6646 -1.43279 -0.336275 
20.8635 -1.90245 -0.427032 
21.4467 -2.91484 -1.34555 
22.1747 -11.5881 -1.66678 
22.4328 -17.5328 -1.882 
20.8817 -21.8229 -2.18074 
15.3801 -22.4029 2.75786 
5.62545 -22.3839 2.79142 
-4.77078 -23.253 2.78144 
-13.7647 -23.3336 2.81378 
-21.9171 -21.1132 2.64575 
-25.8818 -17.7773 2.35332 
-29.7006 -14.2846 2.12109 
-34.3385 -10.7263 2.14711 


